0.55098
0.469385
0.396205
0.332193
0.278734
0.235796
0.202026
0.175587
0.15475
0.138128
0.124674
0.113622
0.104415
0.0966439
0.0900069
0.0842779
0.0792851
0.0748964
0.071009
0.0675418
0.0644299
0.0616211
0.059073
0.0567506
0.0546247
0.0526713
0.0508698
0.049203
0.0476561
0.0462164
0.0448728
0.043616
0.0424377
0.0413304
0.040288
0.0393046
0.0383754
0.0374959
0.036662
0.0358702
0.0351173
0.0344005
0.0337171
0.0330648
0.0324414
0.0318451
0.0312739
0.0307264
0.030201
0.0296963
0.0292112
0.0287444
0.0282949
0.0278618
0.027444
0.0270408
0.0266515
0.0262752
0.0259113
0.0255591
0.0252182
0.0248879
0.0245677
0.0242572
0.0239559
0.0236634
0.0233793
0.0231032
0.0228347
0.0225736
0.0223196
0.0220722
0.0218314
0.0215967
0.021368
0.021145
0.0209275
0.0207153
0.0205082
0.020306
0.0201086
0.0199156
0.0197271
0.0195428
0.0193625
0.0191863
0.0190138
0.018845
0.0186798
0.018518
0.0183596
0.0182044
0.0180523
0.0179032
0.0177571
0.0176138
0.0174732
0.0173354
0.0172001
